00000110000000000110111000010011
00000000000011100010010100000011
00000000010011100010010110000011
00000100000001010000001001100011
00000100101001011100000001100011
00000001000001010001010100010011
00000001000000000110001100010011
00000000000001011000001110110011
00000000000101011001010110010011
00000001111100111101001110010011
00000000000000111001010001100011
00000000101001011100011001100011
01000000101001011000010110110011
00000000000101011000010110010011
11111111111100110000001100010011
11111110000000110001000011100011
11111111111111110000001110110111
00000001000000111101001110010011
00000000011101011111010110110011
00000000000000000000010001100011
00000000101101011100010110110011
00000000101111100010010000100011
00000000000000000000000001100011
00000000000000000000000000000000
00000000000000000000000000010011
00000000000000000000000010111110
