#
# Lab 9: Register Tracker
#
#|---------------------------inputs--------------------------------| |-output-|
#ReadA ReadAddrA  ReadB ReadAddrB  Reserve WriteAddr  Free FreeAddr    Stall
1      00000      1     00000      1       00000      1    00000       0
0      00000      0     00000      1       00001      0    00000       0
0      00000      1     00001      0       00000      0    00000       1
0      00000      1     00001      1       00001      1    00001       0
1      00001      1     00010      1       00010      0    00000       1
1      00001      1     00010      1       00010      1    00001       1
0      00000      1     00010      0       00000      1    00010       1
0      00000      1     00010      0       00000      1    00010       0
